name	width	height	x	y
0	35	51	275	104
1	35	50	460	52
2	36	51	242	52
3	38	51	465	154
4	40	50	38	0
5	37	51	0	0
6	37	51	0	52
7	35	50	405	117
8	37	51	0	104
9	37	51	152	155
A	48	50	53	52
B	45	50	38	103
C	48	51	226	104
Continue	344	51	64	208
D	45	50	180	104
E	41	50	102	52
F	38	50	203	52
G	49	51	279	52
H	43	50	508	103
I	14	50	144	52
J	36	51	372	52
K	48	50	496	52
L	38	50	0	156
M	51	50	84	103
N	43	50	136	104
O	50	51	311	104
P	42	50	329	52
Play	169	51	190	156
Q	50	64	409	52
R	47	50	460	103
S	43	51	159	52
Select	472	51	79	0
T	43	50	39	154
U	44	51	360	156
V	49	50	465	206
W	68	50	83	155
X	49	50	409	209
Y	48	51	15	207
Z	40	50	504	154
colon	14	38	362	104
comma	14	24	38	51
dot	14	14	0	207
forward_slash	23	54	441	154
